[Camera]
Brightness = 90
ExposureAuto = Off
ExposureTimeAbs = 5
GainAuto = Off
Gain = 100
BalanceWhiteAuto = Off
BalanceRatioRed = 122
BalanceRatioBlue = 157

[Other]
ks = [[1211.6869991000933, 0.0, 678.8505597836245], [0.0, 1211.573489338152, 545.7782967471728], [0.0, 0.0, 1.0]]
poses = [[0.28874258754843485, -0.1924139641449838, 0.9378723711347121], [-0.9501334676980528, -0.0587968698243877, 0.3062504231163233], [-0.0037828982153929047, -0.9795314678528295, -0.19979610731944453]]
eye = [[-1.535940591538915, 5.52547370517556, 1.319216439362569]]
hmtx = [[-0.0014080627651066851, 0.006703494907106994, -5.552347813575933], [0.004353752474600473, -0.01711091465199079, 1.3701282028877637], [-1.3204872238057395e-05, -0.0030533477023023583, 0.9999999999999999]]
dist = [[-0.4961034640930749, 0.3027911864487634, -0.001403238278729668, 0.001295085436791667, -0.11460521924525857]]
newcameramtx = [[965.3467407226562, 0.0, 659.007905659997], [0.0, 1081.023193359375, 545.1568372892652], [0.0, 0.0, 1.0]]
projection_mat = [[851.3693172243558, -792.1171361890302, -117.92570318478894, 6744.4585700751995], [240.79860944929248, -18.115469868401576, -1186.3789259624068, 2723.799656526858], [0.9375268220901489, 0.21627038717269897, -0.2725263833999634, 1.3919323682785034]]
extrinsic_mat = [[0.24191486835479736, -0.9681920409202576, 0.0638851672410965, 6.036343097686768], [-0.2500413954257965, -0.12582223117351532, -0.9600250124931335, 1.8177021741867065], [0.9375268220901489, 0.21627038717269897, -0.2725263833999634, 1.3919323682785034]]

