[Camera]
Brightness = 100
ExposureAuto = Off
ExposureTimeAbs = 5
GainAuto = Off
Gain = 100
BalanceWhiteAuto = Off
BalanceRatioRed = 110
BalanceRatioBlue = 157

[Other]
ks = [[1235.057507552043, 0.0, 762.6318057740573], [0.0, 1235.887521219294, 554.1490296341883], [0.0, 0.0, 1.0]]
poses = [[0.015654447440734742, -0.12597472998617287, 0.9919099282093287], [-0.9988616419242273, -0.036600015054288226, 0.030591815743150175], [0.03245012257692981, -0.9912596775037804, -0.12640427864694725]]
eye = [[-1.959383519987248, 6.497895217525179, 1.3356971902700705]]
hmtx = [[-0.0003632406319884965, 0.0070844220908320935, -6.898745842394191], [0.004652973809775514, -0.018823850153661163, 3.7655691607047572], [9.668675839184817e-05, -0.002840494579911718, 1.0]]
dist = [[-0.5174073649660939, 0.3434369569637, 0.00017737728144079067, 0.0012798953431086466, -0.14252643754041577]]
newcameramtx = [[1126.16748046875, 0.0, 695.3936597856518], [0.0, 1170.9736328125, 525.0428597863356], [0.0, 0.0, 1.0]]
projection_mat = [[628.7645872420737, -1164.6580864046173, 7.222151361864178, 9303.32864961262], [309.6382332523202, -153.99132401524565, -1235.8236572206984, 3452.948438838006], [0.9831144213676453, -0.06738020479679108, -0.17013520002365112, 2.8904495239257812]]
extrinsic_mat = [[-0.048737820237874985, -0.992572009563446, 0.11146929115056992, 6.476237773895264], [-0.17638225853443146, -0.10129504650831223, -0.9790958166122437, 1.6527601480484009], [0.9831144213676453, -0.06738020479679108, -0.17013520002365112, 2.8904495239257812]]

