[Camera]
Brightness = 0
ExposureAuto = Off
ExposureTimeAbs = 5
GainAuto = Off
Gain = 0
BalanceWhiteAuto = Off
BalanceRatioRed = 122
BalanceRatioBlue = 157

[Other]
ks = [[1229.4745785904784, 0.0, 722.9166439067482], [0.0, 1229.1487549391904, 514.5906072903045], [0.0, 0.0, 1.0]]
poses = [[0.13877235857400283, -0.30778788701502413, 0.941280430638306], [-0.9911010286973907, -0.0658162447620716, 0.11570208658617198], [0.026339842459051965, -0.9489602545458443, -0.3141823669593029]]
eye = [[-1.8773125679031042, 5.7543504343902425, 1.4506614754369207]]
hmtx = [[-0.003619070436815091, 0.03069289030528198, -15.486273482097422], [0.02491774466697122, -0.07955065369230702, -4.809529187921618], [0.00040961329153642296, -0.014054015135544967, 0.9999999999999999]]
dist = [[-0.5405667247106989, 0.43629130729358806, 0.001369157146417951, 0.0010603717663635423, -0.2637681002912014]]
newcameramtx = [[1228.620849609375, 0.0, 722.4146323771274], [0.0, 1228.0106201171875, 514.1141135970283], [0.0, 0.0, 1.0]]
projection_mat = [[437.04515602575736, -554.3252576887267, -130.8329699056963, 4002.537090120375], [79.28299488475893, 29.948907656345813, -703.588267696452, 891.4331141552823], [0.9408674240112305, 0.14182530343532562, -0.3076590895652771, 1.0142955780029297]]

