[Camera]
Brightness = 90
ExposureAuto = Off
ExposureTimeAbs = 10
GainAuto = Off
Gain = 100
BalanceWhiteAuto = Off
BalanceRatioRed = 122
BalanceRatioBlue = 157

[Other]
ks = [[1211.6869991000933, 0.0, 678.8505597836245], [0.0, 1211.573489338152, 545.7782967471728], [0.0, 0.0, 1.0]]
poses = [[0.18584395517210428, 0.0955157943624374, 0.9779257422490226], [-0.9823074313201787, 0.009053856679317684, 0.18705651031809278], [0.009012851660360255, -0.9953870456087224, 0.09550847914551808]]
eye = [[-2.965350526384004, 3.5228144441504368, 1.1378680282270237]]
hmtx = [[-0.0007602608204400025, 0.008095469214278873, -4.591771545572859], [0.003567602487295315, -0.009781352585930369, 1.8225049402242983], [2.827200292620046e-05, -0.002790341735813596, 1.0]]
dist = [[-0.4961034640930749, 0.3027911864487634, -0.001403238278729668, 0.001295085436791667, -0.11460521924525857]]
newcameramtx = [[965.3467407226562, 0.0, 659.007905659997], [0.0, 1081.023193359375, 545.1568372892652], [0.0, 0.0, 1.0]]
projection_mat = [[472.11063049523807, -470.6989527611381, 18.37645408239964, 2975.301569880961], [311.9193700233758, 43.388926421506135, -606.5497638444054, 1669.3983616174985], [0.983913004398346, 0.177703857421875, 0.01834362931549549, 2.0738022327423096]]

