[Camera]
Brightness = 240
ExposureAuto = Off
ExposureTimeAbs = 5
GainAuto = Off
Gain = 100
BalanceWhiteAuto = Off
BalanceRatioRed = 122
BalanceRatioBlue = 157

[Other]
ks = [[1211.4138473936848, 0.0, 795.366456217179], [0.0, 1210.859740519456, 532.8104912411472], [0.0, 0.0, 1.0]]
poses = [[0.06134114814400782, -0.25396233322766215, 0.9652670080583592], [-0.9976426131771365, -0.052098596640261174, 0.04466489226685866], [0.03894585624953084, -0.965731296106395, -0.2565594335044128]]
eye = [[-1.8901608564423342, 6.605344290986202, 1.4299331753347613]]
hmtx = [[-0.0015932756970773762, 0.021194639738575584, -11.470386998840961], [0.018005181429383028, -0.06423039141687291, 0.13953437486122724], [0.0004142847888182065, -0.009822353074967635, 1.0]]
dist = [[-0.4970674480629963, 0.27594020213809484, 0.0015128654582129875, -0.0050400695306563725, -0.08478912396561789]]
newcameramtx = [[956.1754760742188, 0.0, 822.7814531786789], [0.0, 1077.033935546875, 532.1608032280565], [0.0, 0.0, 1.0]]
projection_mat = [[397.9487934806645, -601.2650596724084, -7.121439162639804, 4652.762647893322], [122.53837229047024, -92.62387705871384, -686.0838603269059, 1641.2211383934425], [0.9684683084487915, 0.012893138453364372, -0.248803049325943, 1.6033862829208374]]

