[Camera]
Brightness = 100
ExposureAuto = Off
ExposureTimeAbs = 10
GainAuto = Off
Gain = 100
BalanceWhiteAuto = Off
BalanceRatioRed = 110
BalanceRatioBlue = 157

[Other]
ks = [[1235.057507552043, 0.0, 762.6318057740573], [0.0, 1235.887521219294, 554.1490296341883], [0.0, 0.0, 1.0]]
poses = [[-0.10356516003295813, 0.09945319985011647, 0.989637973537253], [-0.9718840072059249, 0.11321681561885977, 0.20645442402253897], [-0.09151110688713482, -0.9404318339411303, 0.08493165677179382]]
eye = [[0.6154548882031609, 2.3496417083879337, 0.6406991655995824]]
hmtx = [[0.00018139714185417904, 0.006461833474132454, -3.8877120565841135], [0.0012054402083092129, -0.010463673999762075, 3.5121907292418038], [-0.00023712843548770162, -0.0024363323647086737, 1.0]]
dist = [[-0.5174073649660939, 0.3434369569637, 0.00017737728144079067, 0.0012798953431086466, -0.14252643754041577]]
newcameramtx = [[1126.16748046875, 0.0, 695.3936597856518], [0.0, 1170.9736328125, 525.0428597863356], [0.0, 0.0, 1.0]]
projection_mat = [[326.45378014671235, -726.110107601073, 46.039481719534436, 4306.4357655866315], [380.16415813280867, -48.8923267910472, -636.8319382101329, 1893.1500190554398], [0.9846485257148743, -0.13222578167915344, 0.11394578218460083, 3.2662107944488525]]

